秋田県第二種特定鳥獣管理計画
  （第５次ツキノワグマ）
     資料編




     秋田県
    令和４年３月
                                       ツキノワグマ
                  計画            年度
                                       分布メッシュ数
                第１次           H15年度～     589
                第２次           H19年度～     603
                第３次           H24年度～     618
                第４次（当初）       H29年度～     658
                第４次（変更）       R元年度～      939
                第５次           R４年度～      939


                第１次計画       分布メッシュ（589 メッシュ）
                第２次計画       追加分布メッシュ（14 メッシュ）
                第３次計画       追加分布メッシュ（15 メッシュ）
                第４次計画（当初）       追加分布メッシュ（40 メッシュ）
                第４次計画（変更）       追加分布メッシュ（281 メッシュ）



図１ ツキノワグマ分布状況
                      -1-
     3,000
                                                                                            その他
     2,500
                                                                                            工芸作物
 被
     2,000
 害                                                                                          いも類
 金
 額   1,500                                                                                  雑穀
 （
 万   1,000                                                                                  豆類
 円
 ）                                                                                          飼料作物
      500
                                                                                            野菜
         0
               H22    H23    H24    H25    H26    H27    H28    H29    H30    R元     R2     稲
             (2010) (2011) (2012) (2013) (2014) (2015) (2016) (2017) (2018) (2019) (2020)
                                                                                            果樹
                                                 年度


       30
                                                                                            その他
       25
                                                                                            工芸作物
 被     20
 害                                                                                          いも類
 面
 積     15                                                                                   雑穀
 （
 ㏊     10                                                                                   豆類
 ）
                                                                                            飼料作物
        5
                                                                                            野菜
        0
               H22    H23    H24    H25    H26    H27    H28    H29    H30    R元     R2     稲
             (2010) (2011) (2012) (2013) (2014) (2015) (2016) (2017) (2018) (2019) (2020)
                                                                                            果樹
                                                   年度

図２ ツキノワグマによる農作物被害状況（上：金額、下：面積）


                                                               -2-
   50
        山林     人の生活圏
   40
 人
 身
 被 30
 害
 件
 数 20
 （
 件 10
 ）

    0
            第１次           第２次            第３次           第４次
           H15-18        H19-23         H24-28        H29-R2
        (2003-2006)    (2007-2011)   (2012-2016)   (2017-2020)


                              管理計画期間
                               （年度）

図３ ツキノワグマによる人身被害発生件数の推移（発生場所内訳）




                                             -3-
                                                            捕
                                                            獲
                                                            数
                                                            （
                                                            頭
                                                            ）

                                     0   100   200   300    400   500   600   700   800   900       1000

                             S25(1950)
                             S27(1952)
                             S29(1954)
                                                                                          狩猟
                             S31(1956)
                             S33(1958)
                             S35(1960)
      図４ ツキノワグマ捕獲数の推移


                             S37(1962)
                             S39(1964)
                                                                                          個体数調整捕獲

                             S41(1966)
                             S43(1968)
                             S45(1970)                                                    有害捕獲
                             S47(1972)
                             S49(1974)
                             S51(1976)
                             S53(1978)
                             S55(1980)
-4-                          S57(1982)
                                                                     生息調査

                             S59(1984)                              （目視調査）
                        年度
                             S61(1986)                                開始

                             S63(1988)
                              H2(1990)
                              H4(1992)
                              H6(1994)
                              H8(1996)
                             H10(1998)
                             H12(2000)
                             H14(2002)
                             H16(2004)
                             H18(2006)                                                    第1次 第2次
                             H20(2008)
                                                                                          計画 計画
                             H22(2010)
                             H24(2012)
                                                     狩猟自粛                                 第3次
                             H26(2014)
                                                                                          計画
                             H28(2016)
                             H30(2018)                                                    第4次
                              R2(2020)                                                    計画
                                                                                                                                                                                        捕
                                                                                                                                                                                        獲
                                                                                                                                                                                        数
                                                                                                                                                                                        （
                                                                                                                                                                                        頭
                                                                                                                                                                                        ）


                                                                                                                                                                    0     100   200   300   400   500   600   700   800   900   1000


                                                                                                                                                        H元(1989)
                                                                                                                                                         H2(1990)
                                                                                                                                                         H3(1991)
                                                                                                                                                         H4(1992)
                                                                                                                                                         H5(1993)
                                                                                                                                                         H6(1994)
                                                                                                                                                         H7(1995)
                                                                                                                       狩猟
                                                                                                                                                         H8(1996)
                                                                                                                                                         H9(1997)
                                                                                                                                                        H10(1998)
                                                                                                                                                        H11(1999)

                                                                                                                       個体数調整捕獲                          H12(2000)
                                                                                                                                                        H13(2001)
                                                                                                                                                        H14(2002)
                                                                                                                                                        H15(2003)
                                                                                     図５ ツキノワグマ捕獲数の推移と国有林におけるブナ堅果豊凶指数




-5-                                                                                                                                        年度           H16(2004)
                                                                                                                       有害捕獲
                                                                                                                                                第１次計画   H17(2005)
                                                                                                                                                        H18(2006)
                                                                                                                                                        H19(2007)
                                                                                                                                                        H20(2008)
                                                                                                                                                        H21(2009)
                                                                                                                                                第２次計画
                                                                                                                                                        H22(2010)
                                                                                                                                                        H23(2011)
                                                                                                                                                        H24(2012)
                                                                                                                                                        H25(2013)
                                                                                                                                                        H26(2014)
                                                                                                                                                第３次計画
                                                                                                                                                        H27(2015)
                                                                                                                       東北森林管理局ブナ豊凶指数（結実）



                                                                                                                                                        H28(2016)
                                                                                                                                                        H29(2017)
                                                                                                                                                        H30(2018)
                                                                                                                                                        R元(2019)
      豊凶指数は東北森林管理局の調査結果による。1.0 未満が大凶作、1.0 以上 2.0 未満が凶作、2.0 以上 3.5 未満が並作、3.5 以上が豊作。




                                                                                                                                                第４次計画
                                                                                                                                                         R2(2020)


                                                                                                                                                                    5.0         4.0         3.0         2.0         1.0         0.0

                                                                                                                                                                                            豊
                                                                                                                                                                                            凶
                                                                                                                                                                                            指
                                                                                                                                                                    豊                       数                               凶
 管理の目的        管理の目標（3年間）                                施策（1年ごとに評価）
                                             被害防除                    普及啓発
              地域個体群の安定的な維持
                                             ■農地および畜舎周辺の防除
              ■生息分布                           • 集落環境診断:3件以上/年        ■秋田県庁出前講座
              現状（939メッシュ）以下                   • 被害防除研修:3件以上/年        • 講座件数:20件以上
                                              • 市町村において電気柵設置補助事業を    • 受講者数:1,500名以
              ■生息状況                             実施している                 上
              R2（2020）年度の生息指標値の0.5倍                                  • 受講者がクマの生態お
              以上、2倍以下                        ■誘引物の除去                   よび被害防除に関する
 地域個体群の                                       • 集落環境診断:3件以上/年          正しい知識を得ている
                                              • 誘引木伐採事業*1 :3箇所以上/年
 安定的な維持       生活環境被害の軽減               総施      • 対策実施集落における出没件数:
                                      合策        対策前の50%減             ■防除に係る研修
              ■出没                     的の                             • 被害防除研修:3件以
                                      な      ■出没抑制のための環境整備             上/年
              • 出没要因を取り除く努力が集落にお      実       • 集落環境診断:3件以上/年
                いて行われている                                             • 地域振興局職員や市町
  人身被害の                               施       • 緩衝帯整備事業*2 :3箇所以上/年     村職員が地域住民に対
    防止        ■人身被害                           • 対策実施集落における出没件数:        して出没抑制および被
              • 排除地域における人身被害ゼロ                  対策前の50%減               害防除に関する指導が
              • 人身被害対策を県民が認識している                                       できる
                                             捕獲
  農林畜産業      農林畜産業被害の軽減                      ■捕獲の仕組み改善               ■市街地出没への備え
   被害の                                       狩猟・伝統狩猟・事前調整捕獲におけ       • 市街地出没想定訓練:
                                             る捕獲活動の自由度が上がっている          5回以上/年
    軽減       ■被害状況                                                   • 訓練実施地域における
             • 農作物被害額 :1,510万円               ■捕獲の担い手確保                 出没対応時の事故ゼロ
             • 農作物被害面積:14.6ha                ・狩猟免許新規取得者:150名以上/年     • 集落環境診断:
             （第4次計画期間の平均値×0.9）               ・技術講習参加者:30名以上/年            3件以上/年


図６ ツキノワグマ管理の目標および施策、主な取組等
＊１ 集落内のクルミやクワ、クリの木など、クマを誘引しうる木の伐採事業

＊２ 集落周辺の見通しの悪い林分を対象に、樹木の伐採や藪などの刈り払いを行う事業




                                       -6-
     140
                            10頭
     120                   オーバー
     100
 捕
 獲    80
 数                                           実捕獲数
 （
 頭    60
 ）                                           翌年度への繰り越し分
      40
                                             前年度からの繰り越し
      20

       0

           T1    T2         T3    T4
                      年度

図７ 複数年総捕獲数管理の概念図（年間の捕獲上限を 100 頭とした場合）
Ｔ１年度の捕獲実数が 80 頭だった場合、20 頭分を翌年度の捕獲上限へ繰り越し、上乗せが可能。このとき、Ｔ２年度の捕獲上限は 120 頭となるが、
Ｔ２年度の捕獲実数が 100 頭だった場合、20 頭分の捕獲可能数が残る。ただし、捕獲数の繰り越しは翌年限りとするため、この 20 頭分についてはＴ
３年度への繰り越しは行わないため、Ｔ３年度の捕獲上限は 100 頭に戻る。Ｔ３年度の捕獲実数が 110 頭だった場合、10 頭分オーバーしているた
め、翌年度の捕獲上限をマイナス 10 頭にする。したがって、Ｔ４年度の捕獲上限は 90 頭となる。T4 年度の捕獲実数が 80 頭だった場合、残り１０頭
分は翌年度へ繰り越される。




                                       -7-
表１ ツキノワグマによる人身被害件数（件）
件数
                                                                                                                                                           年度
振興局    市町村     H元       H2       H3       H4       H5       H6       H7       H8       H9       H10      H11      H12      H13      H14      H15      H16       H17     H18      H19      H20      H21      H22      H23      H24      H25      H26      H27      H28      H29      H30      R元       R2      合計
              (1989)   (1990)   (1991)   (1992)   (1993)   (1994)   (1995)   (1996)   (1997)   (1998)   (1999)   (2000)   (2001)   (2002)   (2003)   (2004)   (2005)   (2006)   (2007)   (2008)   (2009)   (2010)   (2011)   (2012)   (2013)   (2014)   (2015)   (2016)   (2017)   (2018)   (2019)   (2020)

       鹿角市      0        0        1        1        0        0        0        0        1        0        2        0        2        0        0        0         0       0        1        1        1        1        2        0        0        1        3       12        3        1        3        1      37
 鹿角
       小坂町      0        0        0        0        0        0        0        0        0        0        0        0        0        0        0        0         0       0        0        0        0        0        0        0        0        0        0        0        0        0        0        0      0
       北秋田市     1        2        1        0        0        2        1        1        0        0        2        1        3        1        0        1         0       1        0        1        0        2        1        0        0        0        1        0        4        2        2        1      31
北秋田    大館市      0        0        2        1        0        0        0        0        0        0        1        0        2        1        0        0         1       1        0        0        0        2        4        0        1        4        0        0        1        1        0        0      22
      上小阿仁村     0        0        1        0        0        0        0        0        0        0        1        0        0        0        1        0         0       0        0        0        0        0        1        0        0        0        0        0        0        0        0        0      4
       能代市      0        1        0        0        0        0        0        0        0        0        1        0        1        0        0        0         0       1        0        0        0        1        0        1        0        0        0        2        0        0        0        0      8
       藤里町      0        0        0        1        0        0        0        1        0        0        0        0        0        0        0        0         0       2        0        0        0        0        1        0        0        1        0        0        1        0        0        1      8
 山本
       三種町      0        0        0        0        0        0        0        0        0        0        0        0        0        0        0        0         0       0        0        0        0        0        0        0        0        0        0        0        0        0        0        0      0
       八峰町      0        0        0        0        0        0        0        0        0        0        0        0        1        0        0        1         0       0        0        0        0        0        0        0        0        0        0        0        1        0        1        0      4
       秋田市      1        1        1        1        0        4        3        5        0        0        3        0        1        1        0        2         0       2        1        0        1        2        3        0        1        1        0        1        2        1        1        1      40
       男鹿市      0        0        0        0        0        0        0        0        0        0        0        0        0        0        0        0         0       0        0        0        0        0        0        0        0        0        0        0        0        0        0        0      0
       潟上市      0        0        0        0        0        0        0        0        0        0        0        0        0        0        0        0         0       0        0        0        0        0        0        0        0        0        0        0        0        0        0        0      0
 秋田    五城目町     0        0        1        0        0        0        0        0        0        0        0        0        1        0        1        1         0       0        1        0        2        0        0        0        1        0        0        1        1        0        1        0      11
       八郎潟町     0        0        0        0        0        0        0        0        0        0        0        0        0        0        0        0         0       0        0        0        0        0        0        0        0        0        0        0        0        0        0        0      0
       井川町      0        0        0        0        0        0        0        0        0        0        1        0        0        0        0        0         0       0        0        0        0        0        0        0        0        0        0        0        0        0        0        0      1
       大潟村      0        0        0        0        0        0        0        0        0        0        0        0        0        0        0        0         0       0        0        0        0        0        0        0        0        0        0        0        0        0        0        0      0
      由利本荘市     0        0        0        1        2        0        0        1        0        2        0        2        0        0        0        1         0       0        0        0        0        0        1        0        0        1        2        0        0        0        2        0      15
 由利
       にかほ市     0        0        0        0        0        0        0        0        0        0        0        0        0        0        0        1         0       1        2        0        0        0        0        0        0        1        0        0        0        1        1        0      7
       仙北市      0        0        0        0        1        0        1        0        1        1        1        0        3        0        0        0         1       3        2        0        4        0        1        0        2        1        1        1        3        0        1        2      30
 仙北    大仙市      0        0        1        0        1        2        0        3        0        0        0        1        0        2        1        2         1       2        0        1        0        1        1        2        0        0        0        0        1        0        1        1      24
       美郷町      0        0        0        0        0        0        0        0        2        0        0        0        0        0        0        0         0       0        0        0        0        1        0        0        0        0        0        1        0        0        0        0      4
 平鹿    横手市      1        0        1        0        0        0        0        0        1        0        0        0        0        0        0        0         0       0        0        1        0        0        0        1        0        0        0        0        0        0        0        0      5
       湯沢市      0        0        1        0        0        0        0        0        0        0        0        0        1        1        1        0         0       1        0        0        0        0        0        1        0        0        1        1        1        0        1        0      10
 雄勝    羽後町      0        0        0        0        0        0        0        1        0        0        0        0        0        0        0        0         0       0        0        0        0        0        0        0        0        0        0        0        1        0        0        0      2
       東成瀬村     0        0        0        0        0        0        0        0        0        0        0        0        0        0        0        1         0       1        0        0        0        0        0        0        0        0        0        0        0        1        0        1      4
      合計        3        4       10        5        4        8        5       12        5        3       12        4       15        6        4       10         3      15        7        4        8       10       15        5        5       10        8       19       19        7       14        8      267




                                                                                                                                                     -8-
表２ ツキノワグマによる人身被害者数（人）
人数
                                                                                                                                                           年度
振興局    市町村     H元       H2       H3       H4       H5       H6       H7       H8       H9       H10      H11      H12      H13      H14      H15      H16       H17     H18      H19      H20      H21      H22      H23      H24      H25      H26      H27      H28      H29      H30      R元       R2      合計（うち死亡者数）
              (1989)   (1990)   (1991)   (1992)   (1993)   (1994)   (1995)   (1996)   (1997)   (1998)   (1999)   (2000)   (2001)   (2002)   (2003)   (2004)   (2005)   (2006)   (2007)   (2008)   (2009)   (2010)   (2011)   (2012)   (2013)   (2014)   (2015)   (2016)   (2017)   (2018)   (2019)   (2020)
       鹿角市      0        0        1        1        0        0        0        0        1        0        2        0        2        0        0        0         0       0        1        1        1        1        4        0        0        1        3       12        3        1        5        1          41 (4)
 鹿角
       小坂町      0        0        0        0        0        0        0        0        0        0        0        0        0        0        0        0         0       0        0        0        0        0        0        0        0        0        0        0        0        0        0        0           0 (0)
       北秋田市     1        2        1        0        0        2        1        1        0        0        2        1        3        1        0        1         0       1        0        1        0        2        1        0        0        0        1        0        4        2        2        1          31 (0)
北秋田    大館市      0        0        2        1        0        0        0        0        0        0        1        0        2        1        0        0         1       1        0        0        0        2        5        0        1        4        0        0        1        1        0        0          23 (1)
      上小阿仁村     0        0        1        0        0        0        0        0        0        0        1        0        0        0        1        0         0       0        0        0        0        0        1        0        0        0        0        0        0        0        0        0           4 (0)
       能代市      0        1        0        0        0        0        0        0        0        0        1        0        1        0        0        0         0       1        0        0        0        1        0        1        0        0        0        2        0        0        0        0           8 (0)
       藤里町      0        0        0        1        0        0        0        1        0        0        0        0        0        0        0        0         0       3        0        0        0        0        1        0        0        1        0        0        2        0        0        1          10 (1)
 山本
       三種町      0        0        0        0        0        0        0        0        0        0        0        0        0        0        0        0         0       0        0        0        0        0        0        0        0        0        0        0        0        0        0        0           0 (0)
       八峰町      0        0        0        0        0        0        0        0        0        0        0        0        1        0        0        1         0       0        0        0        0        0        0        0        0        0        0        0        1        0        1        0           4 (0)
       秋田市      1        1        1        1        0        4        3        5        0        0        3        0        1        1        0        3         0       2        1        0        2        2        3        0        1        1        0        1        2        1        1        1          42 (1)
       男鹿市      0        0        0        0        0        0        0        0        0        0        0        0        0        0        0        0         0       0        0        0        0        0        0        0        0        0        0        0        0        0        0        0           0 (0)
       潟上市      0        0        0        0        0        0        0        0        0        0        0        0        0        0        0        0         0       0        0        0        0        0        0        0        0        0        0        0        0        0        0        0           0 (0)
 秋田    五城目町     0        0        1        0        0        0        0        0        0        0        0        0        1        0        1        1         0       0        1        0        2        0        0        0        1        0        0        1        1        0        1        0          11 (0)
       八郎潟町     0        0        0        0        0        0        0        0        0        0        0        0        0        0        0        0         0       0        0        0        0        0        0        0        0        0        0        0        0        0        0        0           0 (0)
       井川町      0        0        0        0        0        0        0        0        0        0        1        0        0        0        0        0         0       0        0        0        0        0        0        0        0        0        0        0        0        0        0        0           1 (0)
       大潟村      0        0        0        0        0        0        0        0        0        0        0        0        0        0        0        0         0       0        0        0        0        0        0        0        0        0        0        0        0        0        0        0           0 (0)
      由利本荘市     0        0        0        1        2        0        0        1        0        2        0        2        0        0        0        1         0       0        0        0        0        0        1        0        0        1        2        0        0        0        2        0          15 (2)
 由利
       にかほ市     0        0        0        0        0        0        0        0        0        0        0        0        0        0        0        1         0       1        2        0        0        0        0        0        0        1        0        0        0        1        1        0           7 (1)
       仙北市      0        0        0        0        1        0        1        0        1        1        1        0        3        0        0        0         1       3        3        0        4        0        1        0        2        1        1        1        3        0        1        3          32 (1)
 仙北    大仙市      0        0        1        0        1        2        0        3        0        0        0        1        0        2        1        2         1       2        0        1        0        1        1        2        0        0        0        0        1        0        1        1          24 (0)
       美郷町      0        0        0        0        0        0        0        0        3        0        0        0        0        0        0        0         0       0        0        0        0        1        0        0        0        0        0        1        0        0        0        0           5 (0)
 平鹿    横手市      1        0        1        0        0        0        0        0        1        0        0        0        0        0        0        0         0       0        0        1        0        0        0        1        0        0        0        0        0        0        0        0           5 (0)
       湯沢市      0        0        1        0        0        0        0        0        0        0        0        0        1        1        1        0         0       1        0        0        0        0        0        1        0        0        1        1        1        0        1        0          10 (0)
 雄勝    羽後町      0        0        0        0        0        0        0        1        0        0        0        0        0        0        0        0         0       0        0        0        0        0        0        0        0        0        0        0        1        0        0        0           2 (0)
       東成瀬村     0        0        0        0        0        0        0        0        0        0        0        0        0        0        0        1         0       1        0        0        0        0        0        0        0        0        0        0        0        1        0        1           4 (0)
      合計        3        4       10        5        4        8        5       12        6        3       12        4       15        6        4       11         3      16        8        4        9       10       18        5        5       10        8       19       20        7       16        9         279 (11)




                                                                                                                                                     -9-
表３ 各ゾーンの定義および取組内容

                奥山ゾーン                市街地周辺ゾーン                市街地ゾーン
               （保護地域）                 （緩衝地域）                 （排除地域）
             クマの生息に適した地域      市街地ゾーンの周辺地域（農地含む）        市街地など人間活動が盛んな地域

                             電気柵の設置、緩衝帯整備（刈り払い、伐採
 防除                                                  誘引物除去
                             等）、誘引物除去、追い払い

       狩猟と個体数調整捕獲のみとし、有害捕獲は 市街地ゾーンへのクマの侵入を防止するた
                                                     侵入した個体は排除する。追い払いが困難な
       実施しない（ただし、人を積極的に襲う危険 め、分布域の拡大を抑止するため、誘引物の
 捕獲                                                  場合は有害捕獲（状況により警職法や緊急避
       度の高いクマは有害捕獲により確実に排除す 適正管理や追い払いを実施するほか、捕獲圧
                                                     難の場合もあり）による捕獲・排除。
       る）                    をかける。


普及啓発        人身事故防止のための普及啓発               人身事故防止およびクマを誘引しないための普及啓発




                                     - 10 -
                     参考資料




（資料１）ツキノワグマ被害対策支援センター概要
（資料２）民有林における堅果類豊凶調査結果（林業研究研修センターによるシードトラップ調査）
（資料３）民有林における堅果類豊凶調査結果（地域振興局による目視調査）
（資料１）ツキノワグマ被害対策支援センター概要


 ツキノワグマ被害対策支援センター
 秋田県におけるツキノワグマによる人身事故を未然に防ぐ!
  •   ツキノワグマに関する相談に専門職員がワンストップで対応します!
  •   地域の被害対策にともに取り組みます!
  •   被害 に遭わない行動様式の積極的な普及啓発を行います!

 ホットラインを開設しています 📞

                相談
                         支援 セ ンタ ー
                                        ホットラインを２台設置し、休
      市町村等               専門職員           日・夜間を含みいつでも対応で
                                        きる体制を整備しています。
               指導・助言



 センターが担う業務

     被害対策に関する助言・指導
      市町村等からの相談に専門職員が対応し、被害対策への助言や現地指導を行います。
     被害対策の担い手育成
      現地指導や専門研修等を通じて、地域における被害対策を担う人材を育成します。
     対策の企画立案・普及
      被害の分析や現場検証等に基づき、被害対策の企画・立案と普及啓発を行います。


 ■ 2020年度の実績
 人身事故や家畜被害、市街地出没の発生時の現地調査および対策指導42件、一般市民や児童等への出前
 講座39件（約2,400名受講）、出没対応相談15件など、県内各地でさまざまな活動を行いました。
  写真上段（左から）:家畜被害現場検証・指導、市町村職員研修（電気柵）、市街地出没対応
  写真下段（左から）:小学校での出前講座、集落環境点検、LINEを活用した痕跡判断への対応




■設置場所:生活環境部自然保護課 鳥獣保護管理班内            ■センター体制:自然保護課職員６名（2021.4）
（資料２）      民有林における堅果類豊凶調査結果（林業研究研修センターによるシードトラップ調査）



                    ブナ豊凶調査結果（シードトラップ）
                                     H14      H15      H16      H17      H18      H19      H20      H21      H22      H23      H24      H25      H26      H27      H28      H29      H30      R元        R2       R3
                        市町村    地域
                                    (2002)   (2003)   (2004)   (2005)   (2006)   (2007)   (2008)   (2009)   (2010)   (2011)   (2012)   (2013)   (2014)   (2015)   (2016)   (2017)   (2018)   (2019)   (2020)   (2021)

                       八峰町    八森     ×        ×        ×        ×        ×        ×        ×        ×        ×        ×        ×        ×        ×        ×        ×        ×        ×        ×        △        ×
                       北秋田市   森吉山                               ○        ×        ×        ×        ×        ×        ×        ×        ○        ×        ○        ×        △        ×        ×        △        ×
                       仙北市    田沢湖    ×        △        ×        △        ×        ×        ×        ×        ×        ×        ×        △        ×        △        ×        ×        ×        ×        ×        ×
                      東成瀬村   桁倉     ×        ×        ×        ○        ×        ×        △        ×        ×        ×        ×        ○        ×        ○        ×        ×        ○        ×        ×        ×
                       由利本荘市 鳥海笹子    ×        ×        ×        ×        ×        ×        ×        ×        ×        △        ×        ×        ×        △        ×        ×        ○        ×        ×        ×
                    凡例：1m2 あたりの健全種子落下数                 ○豊作        200個以上
                                                       △並作        50～199個
                                                      ×凶作        49個以下
                                                       ー調査なし


                    ミズナラ豊凶調査結果（シードトラップ）
                                     H14      H15      H16      H17      H18      H19      H20      H21      H22      H23      H24      H25      H26      H27      H28      H29      H30      R元        R2       R3
                        市町村    地域
                                     (2002)   (2003)   (2004)   (2005)   (2006)   (2007)   (2008)   (2009)   (2010)   (2011)   (2012)   (2013)   (2014)   (2015)   (2016)   (2017)   (2018)   (2019)   (2020)   (2021)

                       八峰町    八森     ×        ○        ×        ○        △        ○        △        ○        ○        ×        △        ×        ○        ×        ○        ×        ×        ×        ×        ×
                       北秋田市   森吉山                               ×        △        ○        ×        ○        ×        △        △        △        ×        △        ○        ×        ○        ×        ×        ×
                       仙北市    田沢湖    ○        ○        ○        ×        ○        △        △        ○        ○        ×        ○        ×        ○        △        ○        ×        ○        △        ○        ×
                
                      東成瀬村   桁倉                       ○        ×        ×        △        △        ○        ×        △        △        ×        △        △        ○        ×        ○        ×        ×
                       由利本荘市 鳥海笹子    ○        ○        △        ×        ×        △        ×        ○        △        △        △        ×        △        ×
                         2
                    凡例：1m あたりの健全種子落下数                  ○豊作        20個以上
                                                       △並作        5～19個
                                                       ×凶作        5個未満
                                                       ー調査なし
                                                                ナラ枯れにより調査中止
（資料３）   民有林における堅果類豊凶調査結果（地域振興局による目視調査）

                                                             ブナ結実状況調査結果
                                                                                  H28      H29      H30      R元        R2       R3
                   ①                                             市町村         地区
                                           ②                                      (2016)   (2017)   (2018)   (2019)   (2020)   (2021)

                                                             ①   八峰町    八森         ×        ×        ○        ×        ○        ×
                                                             ⑤   鹿角市    八幡平        ×        ×        ○        △        △        ×
                            ③
                                                             ⑥   北秋田市   阿仁         ー        ×        △        ー        △        ×
                                               ④             ⑦   仙北市    田沢湖        ×        ×        ー        ー        ー        ×

                                               ⑤             ⑧   秋田市    下浜         ×        ー        ×        ×        ×        ×
                                ⑥                            ⑨   美郷町    六郷         ×        ×        ×        ×        △        ×
                                                             ⑪   横手市    杉沢         ー        ×        △        ×        ー        ×
                                                             ⑫   横手市    山内         ー        ×        △        ー        ×        ×
                                                             ⑬   にかほ市   象潟町        ×        ×        ×        ×        ×        ×
                                           ⑦
                                                             ⑭ 由利本荘市 鳥海町           ×        ×        △        ×        ×        ×
                      ⑧                                      ⑮   東成瀬村   岩井川        ー        ×        ○        ×        ×        ×

                                                             ミズナラ結実状況調査結果
                                       ⑨                         市町村         地区
                                                                                  H28      H29      H30      R元        R2       R3
                                       ⑪                                          (2016)   (2017)   (2018)   (2019)   (2020)   (2021)
                             ⑩                               ②   小坂町    上向         △        ×        ○        ○        ○        △
                                         ⑫                   ⑦   仙北市    田沢湖        △        ×        ー        ー        ー        △
             ⑬          ⑭               ⑮⑯                   ⑧   秋田市    下浜         ー        ー        ×        ー        ×        ×
                                                             ⑬   にかほ市   象潟町        ×        ×        △        ×        △        △
                                                             ⑭ 由利本荘市 鳥海町           ×        ×        △        ×        △        △
                                                             ⑯   東成瀬村   田子内        ー        ×       ナラ枯れ      ×        ー        ー

                                           結実状況＊２            コナラ結実状況調査結果
                 凡例                    わずかに 樹冠上部に 樹冠全体に                           H28      H29      H30      R元        R2       R3
                                種子なし
                                       種子つく 多数の種子 多数の種子
                                                                 市町村         地区
                                                                                  (2016)   (2017)   (2018)   (2019)   (2020)   (2021)
                 ほとんどの木に         ×
                                                             ③   北秋田市   合川町        ー        ×        ×        ー        ×        ×
                 結実なし            無作
                                           ×       ×    △    ④   鹿角市    八幡平        ×        ×        △        ×        △        ×
                 わずかな木のみ結実
                                        凶作         凶作   並作   ⑦   仙北市    田沢湖        ー        ー        ×        △        ×        ー
        結実割合＊１
                 大径木を中心に                   ×       △    ○
                                                             ⑧   秋田市    下浜         ー        ー        ×        ー        ×        ×
                 約半数の木が結実               凶作         並作   豊作
                                                             ⑩   横手市    雄物川大沢      ー        △        ×        ×        ×        ×
                                           △       ○    ○
                 ほとんどの木が結実
                                        並作         豊作   豊作   ⑩   横手市    雄物川二ツ井山    ー        △        ○        ×        ×        ×
        ＊１ 調査木を含む林分を対象に判定
        ＊２ 調査木を対象に判定
