                                                                                                                                                                                    令和8年9月9日

                                                                         クマ類による人身被害について [速報値] H20-H30
                                                                                                                                                                                     （単位：件、人）
                    Ｈ２０年度            Ｈ２1年度             Ｈ２２年度           Ｈ２３年度         Ｈ２４年度          Ｈ２５年度          Ｈ２６年度           Ｈ２７年度          Ｈ２８年度             Ｈ２９年度            Ｈ３０年度
      都道
      府県            被害 死亡者           被害 死亡者            被害                被害 死亡者         被害 死亡者         被害 死亡者          被害 死亡者         被害 死亡者          被害    死亡       被害       死亡       被害     死亡
              件数           件数               件数                死亡者 件数            件数             件数             件数              件数             件数                  件数                件数
                    人数 人数            人数 人数             人数                人数 人数          人数 人数          人数 人数           人数 人数          人数 人数           人数     者       人数        者       人数      者
                                                               人数
                                                                                                                                                            人数                人数              人数
1     北海道       3      3    3    2      2    0     3      3     2    2     3   1    2     2   0    4     4   1     5     5   1    0     0   0     1     1      0   4   4         1   3   3       0
2     青森        2      2    0    4      4    1     4      4     0    5     5   0    2     2   0    2     3   0     3     3   0    2     2   0     0     0     0     8     9     0    3    3      0
3     岩手        9     10    0   14     15    1    14     14     0   16    18   0   19    19   0    7    11   0    13    16   0   13    14   0    17    19     0    16    17     0   12   12      0
4     宮城        1      1    0    1      1    0     3      3     0    3     3   0    0     0   0    3     3   0     4     4   0    1     1   0     6     6     0     3     3     0    1    1      0
5     秋田        4      4    0    8      9    0    10     10     0   17    20   0    6     6   0    5     5   0    10    10   0    7     8   0    19    19     4    19    20     1    7    7      0
6     山形        1      2    0    2      2    0    10     11     0    4     4   0    5     5   0    0     0   0     2     2   0    1     1   0     2     2     0     4     4     0    1    1      0
7     福島        5      5    0    5      5    0    10     10     1    3     4   1    4     5   1    9    14   1     9     9   0    5     5   0     6     7     0     8     9     0    1    1      0
8     茨城        0      0    0    0      0    0     0      0     0    0     0   0    0     0   0    0     0   0     0     0   0    0     0   0     0     0     0     0     0     0    0    0      0
9     栃木        0      0    0    1      1    0     2      2     0    1     1   0    2     2   0    4     4   0     0     0   0    1     1   0     1     1     0     4     4     0    0    0      0
10    群馬        1      1    0    2      2    0     9      9     0    1     1   0    7     7   0    2     2   0     4     4   0    3     4   0     6     7     0     2     2     0    2    2      0
11    埼玉        0      0    0    0      0    0     0      0     0    1     1   0    0     0   0    0     0   0     1     1   0    0     0   0     2     2     0     0     0     0    1    1      0
12    千葉        0      0    0    0      0    0     0      0     0    0     0   0    0     0   0    0     0   0     0     0   0    0     0   0     0     0     0     0     0     0    0    0      0
13    東京        1      1    0    0      0    0     1      1     0    0     0   0    0     0   0    0     0   0     1     1   0    0     0   0     0     0     0     1     1     0    0    0      0
14    神奈川       1      1    0    1      1    0     0      0     0    0     0   0    0     0   0    0     0   0     0     0   0    0     0   0     1     1     0     0     0     0    0    0      0
15    新潟        3      3    0    1      1    0    10     11     0    2     3   0    7     8   0    0     0   0     7     7   0    3     3   0     4     4     0     5     5     0    6    6      0
16    富山        4      5    0    0      0    0     9     10     0    1     1   0    0     0   0    1     1   0     2     2   0    2     3   0     3     3     0     4     4     0    2    2      0
17    石川        0      0    0    1      1    0     5      5     0    0     0   0    4     4   0    1     1   0     5     5   0    2     2   0     2     2     0     2     2     0    2    2      0
18    福井        0      0    0    2      2    0     7      8     0    0     0   0    0     0   0    3     3   0     4     4   0    1     1   0     2     2     0     3     4     0    0    0      0
19    山梨        2      2    0    1      1    0     3      3     0    4     4   0    4     4   0    0     0   0     3     3   0    0     0   0     5     5     0     4     4     0    2    2      0
20    長野       12     12    0    5      6    0    14     14     0    4     7   0    7     7   0    3     3   0    31    32   0    6     6   0     9     9     0     6     7     0    5    5      0
21    岐阜        1      1    0    1     10    0     5      5     0    0     0   0    3     3   0    1     1   0     8    10   1    1     1   0     1     1     0     3     5     0    0    0      0
22    静岡        1      1    0    0      0    0     0      0     0    0     0   0    1     1   0    0     0   0     0     0   0    0     0   0     0     0     0     0     0     0    0    0      0
23    愛知        0      0    0    0      0    0     0      0     0    0     0   0    0     0   0    0     0   0     0     0   0    0     0   0     0     0     0     0     0     0    0    0      0
24    三重        0      0    0    0      0    0     0      0     0    0     0   0    0     0   0    1     1   0     0     0   0    0     0   0     1     1     0     0     0     0    0    0      0
25    滋賀        0      0    0    0      0    0     5      5     0    0     0   0    0     0   0    0     0   0     3     3   0    2     2   0     0     0     0     0     0     0    0    0      0
26    京都        0      0    0    0      0    0     6      7     0    0     0   0    1     1   0    0     0   0     0     0   0    1     1   0     4     4     0     0     0     0    0    0      0
27    大阪        0      0    0    0      0    0     0      0     0    0     0   0    0     0   0    0     0   0     0     0   0    0     0   0     0     0     0     0     0     0    0    0      0
28    兵庫        0      0    0    1      1    0     5      5     0    2     2   0    0     0   0    0     0   0     0     0   0    0     0   0     3     3     0     2     2     0    0    0      0
29    奈良        0      0    0    0      0    0     0      0     0    0     0   0    0     0   0    0     0   0     0     0   0    0     0   0     1     1     0     0     0     0    0    0      0
30    和歌山       0      0    0    0      0    0     0      0     0    0     0   0    0     0   0    0     0   0     0     0   0    0     0   0     0     0     0     0     0     0    0    0      0
31    鳥取        0      0    0    0      0    0     2      2     1    0     0   0    0     0   0    0     0   0     0     0   0    0     0   0     4     4     0     0     0     0    0    0      0
32    島根        0      0    0    0      0    0     3      3     0    2     2   0    1     1   0    0     0   0     1     1   0    1     1   0     1     1     0     0     0     0    1    3      0
33    岡山        0      0    0    0      0    0     0      0     0    0     0   0    0     0   0    0     0   0     0     0   0    0     0   0     0     0     0     0     0     0    1    1      0
34    広島        1      1    0    0      0    0     4      4     0    2     2   0    0     0   0    0     0   0     0     0   0    0     0   0     0     0     0     1     1     0    0    0      0
35    山口        0      0    0    0      0    0     1      1     0    0     0   0    0     0   0    0     0   0     0     0   0    0     0   0     0     0     0     1     1     0    1    1      0
36    徳島        0      0    0    0      0    0     0      0     0    0     0   0    0     0   0    0     0   0     0     0   0    0     0   0     0     0     0     0     0     0    0    0      0
37    香川        0      0    0    0      0    0     0      0     0    0     0   0    0     0   0    0     0   0     0     0   0    0     0   0     0     0     0     0     0     0    0    0      0
38    愛媛        0      0    0    0      0    0     0      0     0    0     0   0    0     0   0    0     0   0     0     0   0    0     0   0     0     0     0     0     0     0    0    0      0
39    高知        0      0    0    0      0    0     0      0     0    0     0   0    0     0   0    0     0   0     0     0   0    0     0   0     0     0     0     0     0     0    0    0      0

       計       52     55    3   52     64    2   145    150     4   70    81   2   75    77   1   46    56   2   116   122   2   52    56   0   101   105     4   100   108     2   51   53      0



     【 再 掲 】
                    Ｈ２０年度            Ｈ２1年度             Ｈ２２年度           Ｈ２３年度         Ｈ２４年度          Ｈ２５年度          Ｈ２６年度           Ｈ２７年度          Ｈ２８年度             Ｈ２９年度            Ｈ３０年度
      種 類
                    被害 死亡者           被害 死亡者            被害                被害 死亡者         被害 死亡者         被害 死亡者          被害 死亡者         被害 死亡者          被害    死亡       被害       死亡       被害     死亡
              件数           件数               件数                死亡者 件数            件数             件数             件数              件数             件数                  件数                件数
                    人数 人数            人数 人数             人数                人数 人数          人数 人数          人数 人数           人数 人数          人数 人数           人数     者       人数        者       人数      者
                                                               人数
                                                                                                                                                            人数                人数              人数
     ツキノワグマ    49     52    0   50     62    2   142    147     2   68    78   1   73    75   1   42    52   1   111   117   1   52    56   0   100   104      4  96  104        1  48  50       0
     ヒ グ マ      3      3    3    2      2    0     3      3     2    2     3   1    2     2   0    4     4   1     5     5   1    0     0   0     1     1     0     4     4     1    3    3      0
     ※１．数値は、都道府県から聞き取った速報値です。
      ２．千葉、徳島、香川、愛媛、高知、福岡、佐賀、長崎、熊本、大分、宮崎、鹿児島、沖縄の各県については、近年クマの目撃・捕獲実績がないため表示していません。
      ３．暫定値のため、変更することがあります。
                                                                                                                                          令和8年9月9日
                                                                                クマ類による人身被害について [速報値] R01-
                                                                                                                                          （単位：件、人）
                                                                                                                                           Ｒ０８年度
                   Ｒ０１年度              Ｒ０２年度                   Ｒ０３年度        Ｒ０４年度           Ｒ０５年度          Ｒ０６年度           Ｒ０７年度
                                                                                                                                         (R08年7月末)
      都道
      府県
                     被害                   被害                  被害               被害              被害             被害              被害              被害
              件数            件数                   件数                死亡者 件数 人数 死亡者 件数 人数 死亡者 件数 人数 死亡者 件数 人数 死亡者 件数 人数 死亡者
                     人数 死亡者               人数 死亡者              人数
                           人数                   人数                  人数        人数        人数        人数        人数        人数
1     北海道        3     3        0     2     2        0    9     14     4 3  4    0 6  9    2 3  3    0 5  6    2 2  2    0
2     青森         5     5        0     5     5        0    1      1    1    1     1   0    10    11   0    4     4   1    10    10    0    3     3    1
3     岩手        15    16        0    27    29        0   14     14    0   23    24   0    46    49   2   10    10   1    39    40    5   12    12    3
4     宮城         6     6        1     1     1        0    2      2    0    5     7   0     3     3   0    0     0   0     5     5    1    2     2    0
5     秋田        14    16        0     8     9        1   12     12    0    6     6   1    62    70   0   10    11   0    59    67    4    7     7    1
6     山形         4     4        0     5     5        0    0      0    0    2     2   0     5     5   0    4     4   0    12    12    0    5     5    1
7     福島         9    10        0     9     9        0    3      3    0    7     7   1    15    15   0    6     6   1    21    24    0    7    10    0
8     茨城         0     0        0     0     0        0    0      0    0    0     0   0     0     0   0    0     0   0     0     0    0    0     0    0
9     栃木         2     2        0     3     3        0    0      0    0    3     3   0     1     1   0    2     2   0     4     4    0    2     2    0
10    群馬         2     2        0     6     7        0    7      8    0    0     0   0     4     4   0    3     4   0    10    12    0    2     2    0
11    埼玉         0     0        0     0     0        0    0      0    0    0     0   0     0     0   0    1     1   0     0     0    0    0     0    0
12    千葉         0     0        0     0     0        0    0      0    0    0     0   0     0     0   0    0     0   0     0     0    0    0     0    0
13    東京         2     2        0     0     0        0    0      0    0    2     2   0     0     0   0    0     0   0     1     1    0    2     2    0
14    神奈川        0     0        0     0     0        0    0      0    0    0     0   0     0     0   0    1     1   0     0     0    0    0     0    0
15    新潟        16    20        0    17    21        1    1      1    0    1     1   0     9    10   0    7     7   0    16    17    0    2     2    0
16    富山        13    20        0     5     6        0    1      1    0    2     2   0     7     9   1    1     1   0     5     6    0    3     4    0
17    石川         6     6        0    10    15        0    0      0    0    0     0   0     3     5   0    3     3   0     0     0    0    1     1    0
18    福井         9     9        0    12    12        0    2      2    0    0     0   0     2     2   0    0     0   0     3     3    0    0     0    0
19    山梨         2     2        0     4     4        0    1      1    0    1     1   0     2     2   0    2     2   0     2     2    0    0     0    0
20    長野         8     8        0    12    12        0   16     16    0    8     8   0    11    12   1   12    13   0    11    16    1    1     1    0
21    岐阜        13    14        0     2     2        0    2      2    0    1     1   0     7     7   0    3     3   0     4     4    0    0     0    0
22    静岡         0     0        0     0     0        0    2      2    0    1     1   0     0     0   0    0     0   0     0     0    0    1     1    0
23    愛知         1     1        0     0     0        0    0      0    0    0     0   0     0     0   0    0     0   0     0     0    0    0     0    0
24    三重         0     0        0     2     3        0    0      0    0    0     0   0     1     1   0    1     1   0     0     0    0    0     0    0
25    滋賀         2     2        0     0     0        0    0      0    0    0     0   0     0     0   0    0     0   0     2     2    0    0     0    0
26    京都         0     0        0     2     2        0    1      1    0    2     2   0     1     1   0    1     1   0     2     2    0    1     1    0
27    大阪         0     0        0     0     0        0    0      0    0    0     0   0     0     0   0    0     0   0     0     0    0    0     0    0
28    兵庫         2     2        0     2     2        0    2      3    0    0     0   0     0     0   0    2     2   0     1     1    0    0     0    0
29    奈良         0     0        0     0     0        0    1      1    0    0     0   0     0     0   0    1     1   0     2     2    0    1     1    0
30    和歌山        1     1        0     0     0        0    0      0    0    0     0   0     0     0   0    0     0   0     0     0    0    0     0    0
31    鳥取         2     3        0     2     2        0    0      0    0    0     0   0     0     0   0    0     0   0     0     0    0    0     0    0
32    島根         2     2        0     2     2        0    2      3    0    2     2   0     3     3   0    1     1   0     1     1    0    2     2    0
33    岡山         0     0        0     0     0        0    0      0    0    0     0   0     0     0   0    1     1   0     0     0    0    0     0    0
34    広島         0     0        0     4     4        0    1      1    0    0     0   0     0     0   0    0     0   0     1     1    0    0     0    0
35    山口         1     1        0     1     1        0    0      0    0    1     1   0     0     0   0    3     3   0     0     0    0    0     0    0
36    徳島         0     0        0     0     0        0    0      0    0    0     0   0     0     0   0    0     0   0     0     0    0    0     0    0
37    香川         0     0        0     0     0        0    0      0    0    0     0   0     0     0   0    0     0   0     0     0    0    0     0    0
38    愛媛         0     0        0     0     0        0    0      0    0    0     0   0     0     0   0    0     0   0     0     0    0    0     0    0
39    高知         0     0        0     0     0        0    0      0    0    0     0   0     0     0   0    0     0   0     0     0    0    0     0    0

       計       140   157        1   143   158        2   80     88    5   71    75   2   198   219   6   82    85   3   216   238   13   56    60    6


     【 再 掲 】
                                                                                                                                           Ｒ０８年度
                   Ｒ０１年度              Ｒ０２年度                   Ｒ０３年度        Ｒ０４年度           Ｒ０５年度          Ｒ０６年度           Ｒ０７年度
                                                                                                                                         (R08年7月末)
      種 類
                     被害                   被害                  被害               被害              被害             被害              被害              被害
              件数            件数                   件数                死亡者 件数 人数 死亡者 件数 人数 死亡者 件数 人数 死亡者 件数 人数 死亡者 件数 人数 死亡者
                     人数 死亡者               人数 死亡者              人数
                           人数                   人数                  人数         人数           人数         人数           人数         人数
     ツキノワグマ    137   154        1   141   156        2   71     74     1 68 71    2 192 210    4 79 82    3 211 232   11 54 58    6
     ヒ グ マ       3     3        0     2     2        0    9     14    4    3     4   0     6     9   2    3     3   0     5     6    2    2     2    0
     ※１．数値は、都道府県から聞き取った速報値です。
      ２．千葉、徳島、香川、愛媛、高知、福岡、佐賀、長崎、熊本、大分、宮崎、鹿児島、沖縄の各県については、近年クマの目撃・捕獲実績がないため表示していません。
      ３．暫定値のため、変更することがあります。
